146
0->1->4->2->3->0 

Time: 0.0015896
N = 15: 4811.76 hours
N = 20: 3.73007e+08 days
N = 50: 1.27754e+52 years
N = 100: 3.92016e+145 years
